[[ 1.86158406e-01  9.82519744e-01 -9.95312885e-01  9.67070920e-02
  -4.88880937e-02  9.98804262e-01 -9.85738777e-01  1.68282689e-01
  -2.40597750e-01 -9.70624913e-01 -9.84309594e-01  1.76450056e-01
  -1.60025066e-01  9.87112951e-01 -9.87928780e-01  1.54908764e-01
  -1.90786548e-01  9.81631547e-01 -9.80002971e-01]
 [ 1.91196783e-01  9.81551726e-01 -9.95229331e-01  9.75632032e-02
  -3.84909417e-02  9.99258949e-01 -9.85586678e-01  1.69171213e-01
  -2.46111051e-01 -9.69241637e-01 -9.84389006e-01  1.76006491e-01
  -1.58224203e-01  9.87403211e-01 -9.87794884e-01  1.55760290e-01
  -1.89987054e-01  9.81786596e-01 -9.79991215e-01]
 [ 1.96029487e-01  9.80598001e-01 -9.95105288e-01  9.88203695e-02
  -2.79264087e-02  9.99609982e-01 -9.85348342e-01  1.70553937e-01
  -2.57931943e-01 -9.66163088e-01 -9.84327802e-01  1.76348458e-01
  -1.54322598e-01  9.88020514e-01 -9.87580604e-01  1.57113177e-01
  -1.90375123e-01  9.81711420e-01 -9.80157635e-01]
 [ 1.98166880e-01  9.80168296e-01 -9.95003386e-01  9.98411854e-02
  -2.12156430e-02  9.99774923e-01 -9.85187054e-01  1.71483146e-01
  -2.64631010e-01 -9.64349744e-01 -9.84278903e-01  1.76621177e-01
  -1.51056604e-01  9.88525115e-01 -9.87361212e-01  1.58486081e-01
  -1.91208920e-01  9.81549361e-01 -9.80163194e-01]
 [ 1.97586329e-01  9.80285490e-01 -9.94929289e-01  1.00576884e-01
  -1.76209129e-02  9.99844740e-01 -9.85054408e-01  1.72243472e-01
  -2.68602015e-01 -9.63251243e-01 -9.84311670e-01  1.76438480e-01
  -1.51349681e-01  9.88480285e-01 -9.87151943e-01  1.59784357e-01
  -1.93533424e-01  9.81093682e-01 -9.80092749e-01]
 [ 2.38702969e-01 -9.71092628e-01 -7.46777625e-01  6.65073815e-01
  -1.68132253e-01 -9.85764447e-01 -8.25900520e-01  5.63815866e-01
   9.65097961e-03 -9.99953428e-01 -6.53363981e-01  7.57043927e-01
   1.43438011e-01 -9.89659304e-01 -8.06641431e-01  5.91041117e-01
  -1.00280333e-01 -9.94959223e-01 -9.96146166e-01]
 [ 2.35045760e-01 -9.71984306e-01 -7.48054516e-01  6.63637282e-01
  -1.64983419e-01 -9.86296341e-01 -8.26202478e-01  5.63373291e-01
   4.23561964e-03 -9.99991030e-01 -6.53918529e-01  7.56564973e-01
   1.47376398e-01 -9.89080481e-01 -8.10710990e-01  5.85446573e-01
  -9.85518246e-02 -9.95131920e-01 -9.96104240e-01]
 [ 2.27555014e-01 -9.73765226e-01 -7.49766081e-01  6.61702972e-01
  -1.66055299e-01 -9.86116442e-01 -8.26700313e-01  5.62642508e-01
   1.56570279e-03 -9.99998774e-01 -6.53285695e-01  7.57111485e-01
   1.55003447e-01 -9.87913929e-01 -8.13849855e-01  5.81075222e-01
  -8.59472239e-02 -9.96299691e-01 -9.96014037e-01]
 [ 2.19701293e-01 -9.75567190e-01 -7.51668510e-01  6.59541091e-01
  -1.70196163e-01 -9.85410202e-01 -8.27864072e-01  5.60928764e-01
  -7.54567498e-04 -9.99999715e-01 -6.53376912e-01  7.57032767e-01
   1.63785715e-01 -9.86495940e-01 -8.16279814e-01  5.77656702e-01
  -7.86587406e-02 -9.96901601e-01 -9.95894832e-01]
 [ 2.15062671e-01 -9.76600250e-01 -7.53506239e-01  6.57440756e-01
  -1.76993616e-01 -9.84211999e-01 -8.29049591e-01  5.59175085e-01
  -3.22487805e-04 -9.99999948e-01 -6.53850633e-01  7.56623651e-01
   1.71594260e-01 -9.85167707e-01 -8.17635649e-01  5.75736004e-01
  -7.87821411e-02 -9.96891857e-01 -9.95829639e-01]
 [ 7.87551817e-02  9.96893987e-01  1.17860227e-01  9.93030194e-01
   3.94460205e-01  9.18913025e-01  6.62981474e-02  9.97799858e-01
   9.89935622e-02  9.95088074e-01 -3.47880472e-01  9.37538894e-01
  -2.22302376e-01  9.74977771e-01 -6.64825377e-02  9.97787589e-01
  -5.25502562e-02  9.98618281e-01 -8.00726534e-01]
 [ 7.64974393e-02  9.97069778e-01  1.18015443e-01  9.93011760e-01
   3.96144491e-01  9.18188185e-01  6.92703661e-02  9.97597923e-01
   1.00814582e-01  9.94905232e-01 -3.48016511e-01  9.37488404e-01
  -2.21879239e-01  9.75074153e-01 -6.67603474e-02  9.97769039e-01
  -5.25203193e-02  9.98619856e-01 -8.00441492e-01]
 [ 7.50721176e-02  9.97178107e-01  1.17951871e-01  9.93019313e-01
   3.97088501e-01  9.17780324e-01  7.14780093e-02  9.97442176e-01
   1.02200942e-01  9.94763775e-01 -3.48368347e-01  9.37357720e-01
  -2.20935816e-01  9.75288350e-01 -6.76472881e-02  9.97709299e-01
  -5.31365756e-02  9.98587254e-01 -8.00340980e-01]
 [ 7.47193504e-02  9.97204602e-01  1.18068502e-01  9.93005453e-01
   3.96826334e-01  9.17893709e-01  7.24812690e-02  9.97369774e-01
   1.01990786e-01  9.94785343e-01 -3.48902881e-01  9.37158887e-01
  -2.20270866e-01  9.75438745e-01 -6.84235635e-02  9.97656362e-01
  -5.37692267e-02  9.98553389e-01 -8.00235751e-01]
 [ 7.45774354e-02  9.97215226e-01  1.18826563e-01  9.92915025e-01
   3.96012491e-01  9.18245124e-01  7.27619869e-02  9.97349334e-01
   1.01094067e-01  9.94876872e-01 -3.49598977e-01  9.36899437e-01
  -2.19465078e-01  9.75620356e-01 -6.91919607e-02  9.97603364e-01
  -5.44111057e-02  9.98518619e-01 -8.00188758e-01]
 [-9.21554694e-01  3.88248561e-01 -7.07292862e-01  7.06920651e-01
  -7.81332417e-01  6.24115097e-01 -5.95038736e-01  8.03697022e-01
  -9.96910998e-01 -7.85395519e-02 -8.23425801e-01  5.67423959e-01
  -9.84772279e-01  1.73849239e-01 -6.96486343e-01  7.17570048e-01
  -8.69577402e-01  4.93796661e-01 -9.86655460e-01]
 [-9.22044464e-01  3.87083978e-01 -7.07216532e-01  7.06997013e-01
  -7.80606824e-01  6.25022389e-01 -5.95920309e-01  8.03043577e-01
  -9.97054695e-01 -7.66937819e-02 -8.26522991e-01  5.62902963e-01
  -9.86151307e-01  1.65848123e-01 -7.02740853e-01  7.11445917e-01
  -8.61010185e-01  5.08587712e-01 -9.86819079e-01]
 [-9.22274248e-01  3.86536171e-01 -7.06697654e-01  7.07515672e-01
  -7.78775886e-01  6.27302255e-01 -5.97299470e-01  8.02018293e-01
  -9.97011733e-01 -7.72502675e-02 -8.28048940e-01  5.60655824e-01
  -9.86384904e-01  1.64453096e-01 -7.08734665e-01  7.05475141e-01
  -8.57759280e-01  5.14051571e-01 -9.86962091e-01]
 [-9.22606728e-01  3.85741915e-01 -7.06283710e-01  7.07928895e-01
  -7.77546225e-01  6.28825785e-01 -5.98650635e-01  8.01010248e-01
  -9.96865349e-01 -7.91168488e-02 -8.28629536e-01  5.59797368e-01
  -9.86191081e-01  1.65611449e-01 -7.12323876e-01  7.01850907e-01
  -8.57524704e-01  5.14442788e-01 -9.87005019e-01]
 [-9.23207218e-01  3.84302529e-01 -7.05349169e-01  7.08860035e-01
  -7.77397956e-01  6.29009076e-01 -5.99304214e-01  8.00521367e-01
  -9.96706439e-01 -8.10942291e-02 -8.28581291e-01  5.59868774e-01
  -9.86727369e-01  1.62385652e-01 -7.14351161e-01  6.99787409e-01
  -8.58486889e-01  5.12835511e-01 -9.86996685e-01]
 [ 9.35482216e-01  3.53373773e-01 -6.59191610e-01  7.51975013e-01
   9.93439572e-01  1.14358283e-01 -5.92845918e-01  8.05315911e-01
   9.93596527e-01 -1.12986470e-01 -8.35470925e-01  5.49534652e-01
   8.56959984e-01  5.15382951e-01 -5.65535035e-01  8.24724272e-01
   6.21970879e-01  7.83040373e-01 -9.95358430e-01]
 [ 9.35679432e-01  3.52851244e-01 -6.61694206e-01  7.49773818e-01
   9.93487351e-01  1.13942458e-01 -5.91603223e-01  8.06229264e-01
   9.93115527e-01 -1.17139018e-01 -8.33706386e-01  5.52207988e-01
   8.60971584e-01  5.08653056e-01 -5.68181855e-01  8.22903019e-01
   6.27304918e-01  7.78773741e-01 -9.95619310e-01]
 [ 9.35451985e-01  3.53453792e-01 -6.64261091e-01  7.47500638e-01
   9.93523583e-01  1.13626101e-01 -5.90871817e-01  8.06765453e-01
   9.92908981e-01 -1.18877063e-01 -8.32033088e-01  5.54726005e-01
   8.64011704e-01  5.03471722e-01 -5.70927401e-01  8.21000550e-01
   6.36779986e-01  7.71045556e-01 -9.95876728e-01]
 [ 9.35363270e-01  3.53688498e-01 -6.66873179e-01  7.45171231e-01
   9.93703432e-01  1.12042356e-01 -5.91887932e-01  8.06020270e-01
   9.92972991e-01 -1.18341198e-01 -8.31648403e-01  5.55302561e-01
   8.65738952e-01  5.00495822e-01 -5.72909395e-01  8.19618707e-01
   6.49042668e-01  7.60752006e-01 -9.96051870e-01]
 [ 9.35322894e-01  3.53795256e-01 -6.68832230e-01  7.43413376e-01
   9.93884536e-01  1.10424314e-01 -5.94086728e-01  8.04400995e-01
   9.93150438e-01 -1.16842661e-01 -8.31750979e-01  5.55148907e-01
   8.66802006e-01  4.98652467e-01 -5.74169991e-01  8.18736112e-01
   6.61183541e-01  7.50224183e-01 -9.96133802e-01]
 [-5.34618290e-01  8.45093654e-01 -9.72962170e-01  2.30964534e-01
  -3.08663672e-01  9.51171245e-01 -9.69332514e-01  2.45752879e-01
  -4.10240233e-01 -9.11977495e-01 -9.79516092e-01  2.01365899e-01
   2.61657975e-01  9.65160662e-01 -9.95510094e-01  9.46554436e-02
  -3.21249758e-02  9.99483860e-01 -9.75061045e-01]
 [-5.35359419e-01  8.44624350e-01 -9.73443639e-01  2.28926805e-01
  -2.89480808e-01  9.57183818e-01 -9.69623559e-01  2.44602032e-01
  -4.09780992e-01 -9.12183939e-01 -9.78897309e-01  2.04352779e-01
   2.49151217e-01  9.68464595e-01 -9.95470607e-01  9.50698240e-02
  -4.26738449e-02  9.99089057e-01 -9.74724632e-01]
 [-5.34646167e-01  8.45076018e-01 -9.74105408e-01  2.26094349e-01
  -2.80401833e-01  9.59882707e-01 -9.70940319e-01  2.39321742e-01
  -4.05066905e-01 -9.14287046e-01 -9.78173015e-01  2.07792089e-01
   2.22432471e-01  9.74948099e-01 -9.95376804e-01  9.60469588e-02
  -5.31639825e-02  9.98585795e-01 -9.74390611e-01]
 [-5.34578434e-01  8.45118866e-01 -9.74869747e-01  2.22775620e-01
  -2.78151627e-01  9.60537179e-01 -9.72083418e-01  2.34635521e-01
  -4.06204206e-01 -9.13782328e-01 -9.77507331e-01  2.10901442e-01
   1.97159589e-01  9.80371407e-01 -9.95369686e-01  9.61206980e-02
  -6.12587680e-02  9.98121918e-01 -9.73926099e-01]
 [-5.39305207e-01  8.42110381e-01 -9.75785176e-01  2.18731091e-01
  -2.75053471e-01  9.61428930e-01 -9.72719636e-01  2.31983856e-01
  -4.11227008e-01 -9.11532966e-01 -9.76932224e-01  2.13549594e-01
   1.81288526e-01  9.83429952e-01 -9.95469907e-01  9.50771455e-02
  -6.57977918e-02  9.97832977e-01 -9.73553644e-01]
 [ 2.08905790e-01  9.77935770e-01 -9.51210415e-01  3.08542941e-01
  -7.67842553e-03  9.99970520e-01 -9.82641977e-01  1.85512113e-01
   2.25126782e-01 -9.74329478e-01 -9.98645745e-01  5.20257217e-02
   1.68216895e-01  9.85750007e-01 -9.75802714e-01  2.18652837e-01
  -5.56760428e-02  9.98448886e-01 -9.35359082e-01]
 [ 2.18729842e-01  9.75785456e-01 -9.51056650e-01  3.09016583e-01
  -2.62874300e-02  9.99654426e-01 -9.82516088e-01  1.86177701e-01
   1.93018791e-01 -9.81195060e-01 -9.98660454e-01  5.17426038e-02
   1.80993585e-01  9.83484277e-01 -9.76655492e-01  2.14811660e-01
  -4.37872667e-02  9.99040878e-01 -9.35156117e-01]
 [ 2.30216273e-01  9.73139490e-01 -9.51059159e-01  3.09008861e-01
  -3.76989299e-02  9.99289143e-01 -9.82365687e-01  1.86969668e-01
   1.96830881e-01 -9.80437456e-01 -9.98724597e-01  5.04893992e-02
   1.84071142e-01  9.82912923e-01 -9.77194125e-01  2.12347925e-01
  -3.81963721e-02  9.99270252e-01 -9.35015326e-01]
 [ 2.35676643e-01  9.71831528e-01 -9.51081297e-01  3.08940717e-01
  -3.56276907e-02  9.99365132e-01 -9.82152206e-01  1.88087864e-01
   1.96485630e-01 -9.80506704e-01 -9.98802586e-01  4.89223194e-02
   1.78330199e-01  9.83970701e-01 -9.77469779e-01  2.11075416e-01
  -4.02685259e-02  9.99188894e-01 -9.34895194e-01]
 [ 2.38921440e-01  9.71038900e-01 -9.51205717e-01  3.08557425e-01
  -2.92145887e-02  9.99573163e-01 -9.81923599e-01  1.89277693e-01
   1.80240831e-01 -9.83622510e-01 -9.98844298e-01  4.80631667e-02
   1.67413535e-01  9.85886762e-01 -9.77469193e-01  2.11078131e-01
  -4.59693570e-02  9.98942850e-01 -9.34762008e-01]]
[[ 1.86158406e-01  9.82519744e-01 -9.95312885e-01  9.67070920e-02
  -4.88880937e-02  9.98804262e-01 -9.85738777e-01  1.68282689e-01
  -2.40597750e-01 -9.70624913e-01 -9.84309594e-01  1.76450056e-01
  -1.60025066e-01  9.87112951e-01 -9.87928780e-01  1.54908764e-01
  -1.90786548e-01  9.81631547e-01 -9.80002971e-01]
 [ 1.91196783e-01  9.81551726e-01 -9.95229331e-01  9.75632032e-02
  -3.84909417e-02  9.99258949e-01 -9.85586678e-01  1.69171213e-01
  -2.46111051e-01 -9.69241637e-01 -9.84389006e-01  1.76006491e-01
  -1.58224203e-01  9.87403211e-01 -9.87794884e-01  1.55760290e-01
  -1.89987054e-01  9.81786596e-01 -9.79991215e-01]
 [ 1.96029487e-01  9.80598001e-01 -9.95105288e-01  9.88203695e-02
  -2.79264087e-02  9.99609982e-01 -9.85348342e-01  1.70553937e-01
  -2.57931943e-01 -9.66163088e-01 -9.84327802e-01  1.76348458e-01
  -1.54322598e-01  9.88020514e-01 -9.87580604e-01  1.57113177e-01
  -1.90375123e-01  9.81711420e-01 -9.80157635e-01]
 [ 1.98166880e-01  9.80168296e-01 -9.95003386e-01  9.98411854e-02
  -2.12156430e-02  9.99774923e-01 -9.85187054e-01  1.71483146e-01
  -2.64631010e-01 -9.64349744e-01 -9.84278903e-01  1.76621177e-01
  -1.51056604e-01  9.88525115e-01 -9.87361212e-01  1.58486081e-01
  -1.91208920e-01  9.81549361e-01 -9.80163194e-01]
 [ 1.97586329e-01  9.80285490e-01 -9.94929289e-01  1.00576884e-01
  -1.76209129e-02  9.99844740e-01 -9.85054408e-01  1.72243472e-01
  -2.68602015e-01 -9.63251243e-01 -9.84311670e-01  1.76438480e-01
  -1.51349681e-01  9.88480285e-01 -9.87151943e-01  1.59784357e-01
  -1.93533424e-01  9.81093682e-01 -9.80092749e-01]
 [ 2.38702969e-01 -9.71092628e-01 -7.46777625e-01  6.65073815e-01
  -1.68132253e-01 -9.85764447e-01 -8.25900520e-01  5.63815866e-01
   9.65097961e-03 -9.99953428e-01 -6.53363981e-01  7.57043927e-01
   1.43438011e-01 -9.89659304e-01 -8.06641431e-01  5.91041117e-01
  -1.00280333e-01 -9.94959223e-01 -9.96146166e-01]
 [ 2.35045760e-01 -9.71984306e-01 -7.48054516e-01  6.63637282e-01
  -1.64983419e-01 -9.86296341e-01 -8.26202478e-01  5.63373291e-01
   4.23561964e-03 -9.99991030e-01 -6.53918529e-01  7.56564973e-01
   1.47376398e-01 -9.89080481e-01 -8.10710990e-01  5.85446573e-01
  -9.85518246e-02 -9.95131920e-01 -9.96104240e-01]
 [ 2.27555014e-01 -9.73765226e-01 -7.49766081e-01  6.61702972e-01
  -1.66055299e-01 -9.86116442e-01 -8.26700313e-01  5.62642508e-01
   1.56570279e-03 -9.99998774e-01 -6.53285695e-01  7.57111485e-01
   1.55003447e-01 -9.87913929e-01 -8.13849855e-01  5.81075222e-01
  -8.59472239e-02 -9.96299691e-01 -9.96014037e-01]
 [ 2.19701293e-01 -9.75567190e-01 -7.51668510e-01  6.59541091e-01
  -1.70196163e-01 -9.85410202e-01 -8.27864072e-01  5.60928764e-01
  -7.54567498e-04 -9.99999715e-01 -6.53376912e-01  7.57032767e-01
   1.63785715e-01 -9.86495940e-01 -8.16279814e-01  5.77656702e-01
  -7.86587406e-02 -9.96901601e-01 -9.95894832e-01]
 [ 2.15062671e-01 -9.76600250e-01 -7.53506239e-01  6.57440756e-01
  -1.76993616e-01 -9.84211999e-01 -8.29049591e-01  5.59175085e-01
  -3.22487805e-04 -9.99999948e-01 -6.53850633e-01  7.56623651e-01
   1.71594260e-01 -9.85167707e-01 -8.17635649e-01  5.75736004e-01
  -7.87821411e-02 -9.96891857e-01 -9.95829639e-01]
 [ 7.87551817e-02  9.96893987e-01  1.17860227e-01  9.93030194e-01
   3.94460205e-01  9.18913025e-01  6.62981474e-02  9.97799858e-01
   9.89935622e-02  9.95088074e-01 -3.47880472e-01  9.37538894e-01
  -2.22302376e-01  9.74977771e-01 -6.64825377e-02  9.97787589e-01
  -5.25502562e-02  9.98618281e-01 -8.00726534e-01]
 [ 7.64974393e-02  9.97069778e-01  1.18015443e-01  9.93011760e-01
   3.96144491e-01  9.18188185e-01  6.92703661e-02  9.97597923e-01
   1.00814582e-01  9.94905232e-01 -3.48016511e-01  9.37488404e-01
  -2.21879239e-01  9.75074153e-01 -6.67603474e-02  9.97769039e-01
  -5.25203193e-02  9.98619856e-01 -8.00441492e-01]
 [ 7.50721176e-02  9.97178107e-01  1.17951871e-01  9.93019313e-01
   3.97088501e-01  9.17780324e-01  7.14780093e-02  9.97442176e-01
   1.02200942e-01  9.94763775e-01 -3.48368347e-01  9.37357720e-01
  -2.20935816e-01  9.75288350e-01 -6.76472881e-02  9.97709299e-01
  -5.31365756e-02  9.98587254e-01 -8.00340980e-01]
 [ 7.47193504e-02  9.97204602e-01  1.18068502e-01  9.93005453e-01
   3.96826334e-01  9.17893709e-01  7.24812690e-02  9.97369774e-01
   1.01990786e-01  9.94785343e-01 -3.48902881e-01  9.37158887e-01
  -2.20270866e-01  9.75438745e-01 -6.84235635e-02  9.97656362e-01
  -5.37692267e-02  9.98553389e-01 -8.00235751e-01]
 [ 7.45774354e-02  9.97215226e-01  1.18826563e-01  9.92915025e-01
   3.96012491e-01  9.18245124e-01  7.27619869e-02  9.97349334e-01
   1.01094067e-01  9.94876872e-01 -3.49598977e-01  9.36899437e-01
  -2.19465078e-01  9.75620356e-01 -6.91919607e-02  9.97603364e-01
  -5.44111057e-02  9.98518619e-01 -8.00188758e-01]
 [-9.21554694e-01  3.88248561e-01 -7.07292862e-01  7.06920651e-01
  -7.81332417e-01  6.24115097e-01 -5.95038736e-01  8.03697022e-01
  -9.96910998e-01 -7.85395519e-02 -8.23425801e-01  5.67423959e-01
  -9.84772279e-01  1.73849239e-01 -6.96486343e-01  7.17570048e-01
  -8.69577402e-01  4.93796661e-01 -9.86655460e-01]
 [-9.22044464e-01  3.87083978e-01 -7.07216532e-01  7.06997013e-01
  -7.80606824e-01  6.25022389e-01 -5.95920309e-01  8.03043577e-01
  -9.97054695e-01 -7.66937819e-02 -8.26522991e-01  5.62902963e-01
  -9.86151307e-01  1.65848123e-01 -7.02740853e-01  7.11445917e-01
  -8.61010185e-01  5.08587712e-01 -9.86819079e-01]
 [-9.22274248e-01  3.86536171e-01 -7.06697654e-01  7.07515672e-01
  -7.78775886e-01  6.27302255e-01 -5.97299470e-01  8.02018293e-01
  -9.97011733e-01 -7.72502675e-02 -8.28048940e-01  5.60655824e-01
  -9.86384904e-01  1.64453096e-01 -7.08734665e-01  7.05475141e-01
  -8.57759280e-01  5.14051571e-01 -9.86962091e-01]
 [-9.22606728e-01  3.85741915e-01 -7.06283710e-01  7.07928895e-01
  -7.77546225e-01  6.28825785e-01 -5.98650635e-01  8.01010248e-01
  -9.96865349e-01 -7.91168488e-02 -8.28629536e-01  5.59797368e-01
  -9.86191081e-01  1.65611449e-01 -7.12323876e-01  7.01850907e-01
  -8.57524704e-01  5.14442788e-01 -9.87005019e-01]
 [-9.23207218e-01  3.84302529e-01 -7.05349169e-01  7.08860035e-01
  -7.77397956e-01  6.29009076e-01 -5.99304214e-01  8.00521367e-01
  -9.96706439e-01 -8.10942291e-02 -8.28581291e-01  5.59868774e-01
  -9.86727369e-01  1.62385652e-01 -7.14351161e-01  6.99787409e-01
  -8.58486889e-01  5.12835511e-01 -9.86996685e-01]
 [ 9.35482216e-01  3.53373773e-01 -6.59191610e-01  7.51975013e-01
   9.93439572e-01  1.14358283e-01 -5.92845918e-01  8.05315911e-01
   9.93596527e-01 -1.12986470e-01 -8.35470925e-01  5.49534652e-01
   8.56959984e-01  5.15382951e-01 -5.65535035e-01  8.24724272e-01
   6.21970879e-01  7.83040373e-01 -9.95358430e-01]
 [ 9.35679432e-01  3.52851244e-01 -6.61694206e-01  7.49773818e-01
   9.93487351e-01  1.13942458e-01 -5.91603223e-01  8.06229264e-01
   9.93115527e-01 -1.17139018e-01 -8.33706386e-01  5.52207988e-01
   8.60971584e-01  5.08653056e-01 -5.68181855e-01  8.22903019e-01
   6.27304918e-01  7.78773741e-01 -9.95619310e-01]
 [ 9.35451985e-01  3.53453792e-01 -6.64261091e-01  7.47500638e-01
   9.93523583e-01  1.13626101e-01 -5.90871817e-01  8.06765453e-01
   9.92908981e-01 -1.18877063e-01 -8.32033088e-01  5.54726005e-01
   8.64011704e-01  5.03471722e-01 -5.70927401e-01  8.21000550e-01
   6.36779986e-01  7.71045556e-01 -9.95876728e-01]
 [ 9.35363270e-01  3.53688498e-01 -6.66873179e-01  7.45171231e-01
   9.93703432e-01  1.12042356e-01 -5.91887932e-01  8.06020270e-01
   9.92972991e-01 -1.18341198e-01 -8.31648403e-01  5.55302561e-01
   8.65738952e-01  5.00495822e-01 -5.72909395e-01  8.19618707e-01
   6.49042668e-01  7.60752006e-01 -9.96051870e-01]
 [ 9.35322894e-01  3.53795256e-01 -6.68832230e-01  7.43413376e-01
   9.93884536e-01  1.10424314e-01 -5.94086728e-01  8.04400995e-01
   9.93150438e-01 -1.16842661e-01 -8.31750979e-01  5.55148907e-01
   8.66802006e-01  4.98652467e-01 -5.74169991e-01  8.18736112e-01
   6.61183541e-01  7.50224183e-01 -9.96133802e-01]
 [-5.34618290e-01  8.45093654e-01 -9.72962170e-01  2.30964534e-01
  -3.08663672e-01  9.51171245e-01 -9.69332514e-01  2.45752879e-01
  -4.10240233e-01 -9.11977495e-01 -9.79516092e-01  2.01365899e-01
   2.61657975e-01  9.65160662e-01 -9.95510094e-01  9.46554436e-02
  -3.21249758e-02  9.99483860e-01 -9.75061045e-01]
 [-5.35359419e-01  8.44624350e-01 -9.73443639e-01  2.28926805e-01
  -2.89480808e-01  9.57183818e-01 -9.69623559e-01  2.44602032e-01
  -4.09780992e-01 -9.12183939e-01 -9.78897309e-01  2.04352779e-01
   2.49151217e-01  9.68464595e-01 -9.95470607e-01  9.50698240e-02
  -4.26738449e-02  9.99089057e-01 -9.74724632e-01]
 [-5.34646167e-01  8.45076018e-01 -9.74105408e-01  2.26094349e-01
  -2.80401833e-01  9.59882707e-01 -9.70940319e-01  2.39321742e-01
  -4.05066905e-01 -9.14287046e-01 -9.78173015e-01  2.07792089e-01
   2.22432471e-01  9.74948099e-01 -9.95376804e-01  9.60469588e-02
  -5.31639825e-02  9.98585795e-01 -9.74390611e-01]
 [-5.34578434e-01  8.45118866e-01 -9.74869747e-01  2.22775620e-01
  -2.78151627e-01  9.60537179e-01 -9.72083418e-01  2.34635521e-01
  -4.06204206e-01 -9.13782328e-01 -9.77507331e-01  2.10901442e-01
   1.97159589e-01  9.80371407e-01 -9.95369686e-01  9.61206980e-02
  -6.12587680e-02  9.98121918e-01 -9.73926099e-01]
 [-5.39305207e-01  8.42110381e-01 -9.75785176e-01  2.18731091e-01
  -2.75053471e-01  9.61428930e-01 -9.72719636e-01  2.31983856e-01
  -4.11227008e-01 -9.11532966e-01 -9.76932224e-01  2.13549594e-01
   1.81288526e-01  9.83429952e-01 -9.95469907e-01  9.50771455e-02
  -6.57977918e-02  9.97832977e-01 -9.73553644e-01]
 [ 2.08905790e-01  9.77935770e-01 -9.51210415e-01  3.08542941e-01
  -7.67842553e-03  9.99970520e-01 -9.82641977e-01  1.85512113e-01
   2.25126782e-01 -9.74329478e-01 -9.98645745e-01  5.20257217e-02
   1.68216895e-01  9.85750007e-01 -9.75802714e-01  2.18652837e-01
  -5.56760428e-02  9.98448886e-01 -9.35359082e-01]
 [ 2.18729842e-01  9.75785456e-01 -9.51056650e-01  3.09016583e-01
  -2.62874300e-02  9.99654426e-01 -9.82516088e-01  1.86177701e-01
   1.93018791e-01 -9.81195060e-01 -9.98660454e-01  5.17426038e-02
   1.80993585e-01  9.83484277e-01 -9.76655492e-01  2.14811660e-01
  -4.37872667e-02  9.99040878e-01 -9.35156117e-01]
 [ 2.30216273e-01  9.73139490e-01 -9.51059159e-01  3.09008861e-01
  -3.76989299e-02  9.99289143e-01 -9.82365687e-01  1.86969668e-01
   1.96830881e-01 -9.80437456e-01 -9.98724597e-01  5.04893992e-02
   1.84071142e-01  9.82912923e-01 -9.77194125e-01  2.12347925e-01
  -3.81963721e-02  9.99270252e-01 -9.35015326e-01]
 [ 2.35676643e-01  9.71831528e-01 -9.51081297e-01  3.08940717e-01
  -3.56276907e-02  9.99365132e-01 -9.82152206e-01  1.88087864e-01
   1.96485630e-01 -9.80506704e-01 -9.98802586e-01  4.89223194e-02
   1.78330199e-01  9.83970701e-01 -9.77469779e-01  2.11075416e-01
  -4.02685259e-02  9.99188894e-01 -9.34895194e-01]
 [ 2.38921440e-01  9.71038900e-01 -9.51205717e-01  3.08557425e-01
  -2.92145887e-02  9.99573163e-01 -9.81923599e-01  1.89277693e-01
   1.80240831e-01 -9.83622510e-01 -9.98844298e-01  4.80631667e-02
   1.67413535e-01  9.85886762e-01 -9.77469193e-01  2.11078131e-01
  -4.59693570e-02  9.98942850e-01 -9.34762008e-01]]
1.0
[[50  0  0  0  0  0  0]
 [ 0 50  0  0  0  0  0]
 [ 0  0 50  0  0  0  0]
 [ 0  0  0 50  0  0  0]
 [ 0  0  0  0 50  0  0]
 [ 0  0  0  0  0 50  0]
 [ 0  0  0  0  0  0 50]]
